4 20
12.3023 9.67945
11.1484 10.6613
4.18035 5.0252
15.4138 9.79108
19.2179 11.2907 1.70884 6.21537
12.1863 2.52486 3.99862 4.88244
19.9817 18.0026 6.18555 6.79802
1.54547 9.40572 3.07896 2.38295
4.15346 8.15929 5.56424 5.13777
5.18119 5.92477 5.49259 6.68074
15.6042 6.75088 6.21551 4.44342
11.7761 3.55855 3.45385 4.8727
14.8493 3.62689 2.21028 6.93001
6.15175 6.04148 1.92688 7.92906
4.0441 15.7569 1.75602 3.7468
5.16265 7.09919 2.92674 6.61706
15.2585 5.84944 0.138126 4.1083
11.7742 2.63012 2.318 7.37694
9.381 6.06787 0.363507 4.1489
9.62642 16.7386 1.40608 5.64531
0.365534 8.58439 2.04746 5.45337
14.6259 11.2748 5.86534 5.79522
7.03169 18.4734 3.83097 3.27786
5.5726 19.6497 0.261092 2.45314
60 120
0 0.906953 0.884764 0.416781 0.863824 0 0.826487 0.816324 0 0 0.66762 0 0 0.644838 0 0 0 0 0.309403 0 
0 0 0 0.561015 0.97131 0 0 0.709049 0.80406 0 0 0 0 0.0545569 0.976294 0 0 0 0.47867 0.0544758 
0 0 0 0.24945 0 0 0 0 0 0 0.856737 0.830292 0 0 0 0.419222 0 0.605792 0 0.194593 
0.719987 0 0 0 0.331714 0 0 0 0.339523 0.272268 0 0.647578 0 0.47787 0.312328 0.688978 0 0 0.337342 0 
0.531935 0.997096 0.937963 0 0.269677 0 0.850841 0 0 0.221937 0.289787 0 0.701841 0.617085 0.416551 0.74572 0.330779 0.0899287 0 0 
0.604984 0 0.376542 0.499205 0 0 0.834851 0.592516 0.559431 0 0 0 0 0.385806 0 0 0 0.0288722 0.427095 0.630535 
0.410366 0.862288 0 0 0.139098 0.680006 0.332094 0 0.388882 0.963963 0.105298 0 0 0.14642 0.182972 0.30798 0.917548 0.836154 0 0 
0.821929 0.683735 0 0 0.656828 0.513073 0.186943 0 0 0.217139 0 0 0 0.845432 0.549925 0.393097 0 0.819878 0 0.657024 
0 0.134064 0.0118259 0 0 0 0 0.102629 0.943112 0 0.16025 0 0 0 0.737777 0.665908 0.444473 0.327097 0.0131498 0 
0 0 0 0.0236277 0 0 0 0.661126 0 0.703554 0 0.896887 0 0 0 0 0.52701 0 0 0 
0.183836 0 0.196986 0.344066 0 0.399505 0 0 0.448847 0 0 0.244053 0 0 0.466713 0.45601 0.93642 0 0 0 
0.383627 0 0.311396 0.695693 0 0 0 0 0 0.452566 0.915183 0.0463074 0 0 0 0 0.0828471 0 0 0.744947 
0.121748 0.381271 0 0.879978 0 0.575672 0 0.144872 0.985456 0 0 0.526391 0.211799 0.791847 0 0.849751 0 0 0.249572 0 
0.37132 0 0 0 0.691313 0 0 0.289575 0 0.708134 0 0.579259 0 0 0 0 0.580565 0 0.430316 0 
0 0 0 0.224044 0.41501 0.215257 0 0 0 0.993677 0.807324 0.906434 0.4286 0.176149 0 0.155106 0.854976 0 0.285292 0 
0 0.646905 0.303316 0 0 0.200724 0.0653863 0.578495 0.307748 0.464598 0.79481 0 0 0 0 0 0.882056 0 0.943494 0.767724 
0 0.414629 0.497142 0.0707919 0 0 0.901223 0 0.960286 0.422488 0.232197 0.318081 0 0.189335 0 0.0713909 0 0.0148847 0 0.896866 
0.584734 0.541143 0 0.376979 0 0 0.295916 0 0.313931 0.663372 0 0.981454 0.559424 0.384556 0 0.120175 0.257064 0 0.15393 0.0309651 
0.555492 0.556218 0 0 0.210673 0 0 0.21129 0.112534 0 0 0.235616 0.264776 0 0 0 0 0.764019 0 0 
0 0 0 0.280537 0 0 0.311077 0.423681 0.0270882 0 0.163269 0 0.670616 0.412758 0 0.03293 0 0 0 0 
0 0 0 0 0 0 0 0 1 0 0 0 0 0 1 0 0 0 0 0 
0 0 0 0 0 0 0 0 0 0 0 0 0 0 1 0 0 0 0 0 
0 0 0 0 1 0 0 0 0 0 0 0 0 0 0 0 0 0 0 0 
0 0 0 0 0 0 0 0 1 0 0 0 0 0 0 0 0 1 0 0 
